version https://git-lfs.github.com/spec/v1
oid sha256:9a7e7ac3f7f4cea31db2c2e62a00eb5a23adf93c28d1bbd84e5a7d1238a88045
size 5716318
